51 -72 -75 -95
14 22 6 4 4 6

Coordinates
1            2            0            7
2            2            2            7
3            0            0            7
4      0.56667       1.4333       5.0915
5            0            2            7
6            2            0          3.5
7            2            2          3.5
8            0            0          3.5
9            0            2          3.5
10      0.56667       1.4333       1.9085
11            2            0            0
12            0            0            0
13            2            2            0
14            0            2            0
EndCoordinates

Elements
1 12 11 13 7
2 13 14 12 10
3 13 14 10 9
4 14 12 10 8
5 3 2 1 8
6 2 3 5 4
7 3 5 4 9
8 5 2 4 7
9 12 13 10 7
10 2 3 4 8
11 5 4 9 7
12 4 9 7 8
13 4 9 8 3
14 9 7 8 10
15 9 7 10 13
16 8 9 10 14
17 7 4 8 2
18 7 8 10 12
19 12 6 11 7
20 6 8 1 2
21 7 6 2 8
22 7 6 8 12
EndElements

Dirichlet_X
3            0
5            0
8            0
9            0
12            0
14            0
EndDirichlet_X

Dirichlet_Y
1            0
2            0
3            0
5            0
EndDirichlet_Y

Dirichlet_Z
11            0
12            0
13            0
14            0
EndDirichlet_Z

Neumann
1            1
3            1
6            1
8            1
11            1
12            1
EndNeumann
